100	10		1006
6	5	120	12
36	29	120	7
61	45	120	1
97	80	120	11
51	74	120	1
11	81	120	3
18	92	120	4
28	89	120	18
25	3	120	12
98	60	120	17
3	33	120	12
84	21	120	13
88	7	120	10
37	31	120	8
78	39	120	13
59	91	120	17
87	5	120	14
5	41	120	19
80	95	120	2
7	53	120	1
11	77	120	5
25	7	120	8
8	6	120	12
52	12	120	19
63	71	120	15
33	2	120	15
31	54	120	18
69	29	120	3
50	52	120	1
21	30	120	12
14	86	120	9
33	25	120	6
94	91	120	2
42	1	120	18
59	60	120	12
36	69	120	19
61	3	120	14
88	96	120	15
73	22	120	9
72	69	120	12
7	26	120	2
38	24	120	2
45	36	120	6
99	52	120	7
48	44	120	12
70	76	120	18
51	50	120	17
53	40	120	18
39	55	120	19
47	73	120	19
70	15	120	5
50	15	120	13
83	79	120	7
67	4	120	18
23	41	120	17
41	85	120	1
50	16	120	19
83	64	120	9
30	95	120	14
47	39	120	12
20	41	120	1
97	76	120	4
88	49	120	7
54	97	120	2
44	51	120	17
14	19	120	19
60	70	120	20
83	52	120	13
18	42	120	1
71	39	120	6
94	49	120	8
28	8	120	12
88	49	120	17
33	60	120	5
50	83	120	15
57	14	120	18
58	11	120	11
57	87	120	7
52	88	120	1
89	83	120	2
31	92	120	1
26	2	120	10
61	68	120	3
37	15	120	8
60	41	120	17
51	55	120	11
56	20	120	5
19	11	120	4
21	95	120	9
42	48	120	6
48	89	120	11
37	71	120	14
6	31	120	6
47	12	120	13
2	58	120	4
27	4	120	18
28	54	120	16
61	81	120	7
79	91	120	10
78	13	120	4